5
5
593
1 1
1 2
1 3
1 4
1 5
2 1
2 2
2 3
2 4
2 5
3 1
3 2
3 3
3 4
3 5
4 1
4 2
4 3
4 4
4 5
5 1
5 2
5 3
5 4
5 5
6 1
6 2
6 3
6 4
6 5
7 1
7 2
7 3
7 4
7 5
8 1
8 2
8 3
8 4
8 5
9 1
9 2
9 3
9 4
9 5
10 1
10 2
10 3
10 4
10 5
11 1
11 2
11 3
11 4
11 5
12 1
12 2
12 3
12 4
12 5
13 1
13 2
13 3
13 4
13 5
14 1
14 2
14 3
14 4
14 5
15 1
15 2
15 3
15 4
15 5
16 1
16 2
16 3
16 4
16 5
17 1
17 2
17 3
17 4
17 5
18 1
18 2
18 3
18 4
18 5
19 1
19 2
19 3
19 4
19 5
20 1
20 2
20 3
20 4
20 5
21 1
21 2
21 3
21 4
21 5
22 1
22 2
22 3
22 4
22 5
23 1
23 2
23 3
23 4
23 5
24 1
24 2
24 3
24 4
24 5
25 1
25 2
25 3
25 4
25 5
26 1
26 2
26 3
26 4
26 5
27 1
27 2
27 3
27 4
27 5
28 1
28 2
28 3
28 4
28 5
29 1
29 2
29 3
29 4
29 5
30 1
30 2
30 3
30 4
30 5
31 1
31 2
31 3
31 4
31 5
32 1
32 2
32 3
32 4
32 5
33 1
33 2
33 3
33 4
33 5
34 1
34 2
34 3
34 4
34 5
35 1
35 2
35 3
35 4
35 5
36 1
36 2
36 3
36 4
36 5
37 1
37 2
37 3
37 4
37 5
38 1
38 2
38 3
38 4
38 5
39 1
39 2
39 3
39 4
39 5
40 1
40 2
40 3
40 4
40 5
41 1
41 2
41 3
41 4
41 5
42 1
42 2
42 3
42 4
42 5
43 1
43 2
43 3
43 4
43 5
44 1
44 2
44 3
44 4
44 5
45 1
45 2
45 3
45 4
45 5
46 1
46 2
46 3
46 4
46 5
47 1
47 2
47 3
47 4
47 5
48 1
48 2
48 3
48 4
48 5
49 1
49 2
49 3
49 4
49 5
50 1
50 2
50 3
50 4
50 5
51 1
51 2
51 3
51 4
51 5
52 1
52 2
52 3
52 4
52 5
53 1
53 2
53 3
53 4
53 5
54 1
54 2
54 3
54 4
54 5
55 1
55 2
55 3
55 4
55 5
56 1
56 2
56 3
56 4
56 5
57 1
57 2
57 3
57 4
57 5
58 1
58 2
58 3
58 4
58 5
59 1
59 2
59 3
59 4
59 5
60 1
60 2
60 3
60 4
60 5
61 1
61 2
61 3
61 4
61 5
62 1
62 2
62 3
62 4
62 5
63 1
63 2
63 3
63 4
63 5
64 1
64 2
64 3
64 4
64 5
65 1
65 2
65 3
65 4
65 5
66 1
66 2
66 3
66 4
66 5
67 1
67 2
67 3
67 4
67 5
68 1
68 2
68 3
68 4
68 5
69 1
69 2
69 3
69 4
69 5
70 1
70 2
70 3
70 4
70 5
71 1
71 2
71 3
71 4
71 5
72 1
72 2
72 3
72 4
72 5
73 1
73 2
73 3
73 4
73 5
74 1
74 2
74 3
74 4
74 5
75 1
75 2
75 3
75 4
75 5
76 1
76 2
76 3
76 4
76 5
77 1
77 2
77 3
77 4
77 5
78 1
78 2
78 3
78 4
78 5
79 1
79 2
79 3
79 4
79 5
80 1
80 2
80 3
80 4
80 5
81 1
81 2
81 3
81 4
81 5
82 1
82 2
82 3
82 4
82 5
83 1
83 2
83 3
83 4
83 5
84 1
84 2
84 3
84 4
84 5
85 1
85 2
85 3
85 4
85 5
86 1
86 2
86 3
86 4
86 5
87 1
87 2
87 3
87 4
87 5
88 1
88 2
88 3
88 4
88 5
89 1
89 2
89 3
89 4
89 5
90 1
90 2
90 3
90 4
90 5
91 1
91 2
91 3
91 4
91 5
92 1
92 2
92 3
92 4
92 5
93 1
93 2
93 3
93 4
93 5
94 1
94 2
94 3
94 4
94 5
95 1
95 2
95 3
95 4
95 5
96 1
96 2
96 3
96 4
96 5
97 1
97 2
97 3
97 4
97 5
98 1
98 2
98 3
98 4
98 5
99 1
99 2
99 3
99 4
99 5
100 1
100 2
100 3
100 4
100 5
101 1
101 2
101 3
101 4
101 5
102 1
102 2
102 3
102 4
102 5
103 1
103 2
103 3
103 4
103 5
104 1
104 2
104 3
104 4
104 5
105 1
105 2
105 3
105 4
105 5
106 1
106 2
106 3
106 4
106 5
107 1
107 2
107 3
107 4
107 5
108 1
108 2
108 3
108 4
108 5
109 1
109 2
109 3
109 4
109 5
110 1
110 2
110 3
110 4
110 5
111 1
111 2
111 3
111 4
111 5
112 1
112 2
112 3
112 4
112 5
113 1
113 2
113 3
113 4
113 5
114 1
114 2
114 3
114 4
114 5
115 1
115 2
115 3
115 4
115 5
116 1
116 2
116 3
116 4
116 5
117 1
117 2
117 3
117 4
117 5
118 1
118 2
118 3
118 4
118 5
119 1
119 2
119 3
119 4
119 5
120 1
120 2
120 3
120 4
120 5
121 1
121 2
121 3
121 4
121 5
122 1
122 2
122 3
122 4
122 5
123 1
123 2
123 3
123 4
123 5
124 1
124 2
124 3
124 4
124 5
125 1
125 2
125 3
125 4
125 5
126 1
126 2
126 3
126 4
126 5
127 1
127 2
127 3
127 4
127 5
128 1
128 2
128 3
128 4
128 5
129 1
129 2
129 3
129 4
129 5
130 1
130 2
130 3
130 4
130 5
131 1
131 2
131 3
131 4
131 5
132 1
132 2
132 3
132 4
132 5
133 1
133 2
133 3
133 4
133 5
134 1
134 2
134 3
134 4
134 5
135 1
135 2
135 3
135 4
135 5
136 1
136 2
136 3
136 4
136 5
137 1
137 2
137 3
137 4
137 5
138 1
138 2
138 3
138 4
138 5
139 1
139 2
139 3
139 4
139 5
140 1
140 2
140 3
140 4
140 5
141 1
141 2
141 3
141 4
141 5
142 1
142 2
142 3
142 4
142 5
143 1
143 2
143 3
143 4
143 5
144 1
144 2
144 3
144 4
144 5
145 1
145 2
145 3
145 4
145 5
146 1
146 2
146 3
146 4
146 5
147 1
147 2
147 3
147 4
147 5
148 1
148 2
148 3
148 4
148 5
149 1
149 2
149 3
149 4
149 5
150 1
150 2
150 3
150 4
150 5
151 1
151 2
151 3
151 4
151 5
152 1
152 2
152 3
152 4
152 5
153 1
153 2
153 3
153 4
153 5
154 1
154 2
154 3
154 4
154 5
155 1
155 2
155 3
155 4
155 5
156 1
156 2
156 3
156 4
156 5
157 1
157 2
157 3
157 4
157 5
158 1
158 2
158 3
158 4
158 5
159 1
159 2
159 3
159 4
159 5
160 1
160 2
160 3
160 4
160 5
161 1
161 2
161 3
161 4
161 5
162 1
162 2
162 3
162 4
162 5
163 1
163 2
163 3
163 4
163 5
164 1
164 2
164 3
164 4
164 5
165 1
165 2
165 3
165 4
165 5
166 1
166 2
166 3
166 4
166 5
167 1
167 2
167 3
167 4
167 5
168 1
168 2
168 3
168 4
168 5
169 1
169 2
169 3
169 4
169 5
170 1
170 2
170 3
170 4
170 5
171 1
171 2
171 3
171 4
171 5
172 1
172 2
172 3
172 4
172 5
173 1
173 2
173 3
173 4
173 5
174 1
174 2
174 3
174 4
174 5
175 1
175 2
175 3
175 4
175 5
176 1
176 2
176 3
176 4
176 5
177 1
177 2
177 3
177 4
177 5
178 1
178 2
178 3
178 4
178 5
179 1
179 2
179 3
179 4
179 5
180 1
180 2
180 3
180 4
180 5
181 1
181 2
181 3
181 4
181 5
182 1
182 2
182 3
182 4
182 5
183 1
183 2
183 3
183 4
183 5
184 1
184 2
184 3
184 4
184 5
185 1
185 2
185 3
185 4
185 5
186 1
186 2
186 3
186 4
186 5
187 1
187 2
187 3
187 4
187 5
188 1
188 2
188 3
188 4
188 5
189 1
189 2
189 3
189 4
189 5
190 1
190 2
190 3
190 4
190 5
191 1
191 2
191 3
191 4
191 5
192 1
192 2
192 3
192 4
192 5
193 1
193 2
193 3
193 4
193 5
194 1
194 2
194 3
194 4
194 5
195 1
195 2
195 3
195 4
195 5
196 1
196 2
196 3
196 4
196 5
197 1
197 2
197 3
197 4
197 5
198 1
198 2
198 3
198 4
198 5
199 1
199 2
199 3
199 4
199 5
200 1
200 2
200 3
200 4
200 5
201 1
201 2
201 3
201 4
201 5
202 1
202 2
202 3
202 4
202 5
203 1
203 2
203 3
203 4
203 5
204 1
204 2
204 3
204 4
204 5
205 1
205 2
205 3
205 4
205 5
206 1
206 2
206 3
206 4
206 5
207 1
207 2
207 3
207 4
207 5
208 1
208 2
208 3
208 4
208 5
209 1
209 2
209 3
209 4
209 5
210 1
210 2
210 3
210 4
210 5
211 1
211 2
211 3
211 4
211 5
212 1
212 2
212 3
212 4
212 5
213 1
213 2
213 3
213 4
213 5
214 1
214 2
214 3
214 4
214 5
215 1
215 2
215 3
215 4
215 5
216 1
216 2
216 3
216 4
216 5
217 1
217 2
217 3
217 4
217 5
218 1
218 2
218 3
218 4
218 5
219 1
219 2
219 3
219 4
219 5
220 1
220 2
220 3
220 4
220 5
221 1
221 2
221 3
221 4
221 5
222 1
222 2
222 3
222 4
222 5
223 1
223 2
223 3
223 4
223 5
224 1
224 2
224 3
224 4
224 5
225 1
225 2
225 3
225 4
225 5
226 1
226 2
226 3
226 4
226 5
227 1
227 2
227 3
227 4
227 5
228 1
228 2
228 3
228 4
228 5
229 1
229 2
229 3
229 4
229 5
230 1
230 2
230 3
230 4
230 5
231 1
231 2
231 3
231 4
231 5
232 1
232 2
232 3
232 4
232 5
233 1
233 2
233 3
233 4
233 5
234 1
234 2
234 3
234 4
234 5
235 1
235 2
235 3
235 4
235 5
236 1
236 2
236 3
236 4
236 5
237 1
237 2
237 3
237 4
237 5
238 1
238 2
238 3
238 4
238 5
239 1
239 2
239 3
239 4
239 5
240 1
240 2
240 3
240 4
240 5
241 1
241 2
241 3
241 4
241 5
242 1
242 2
242 3
242 4
242 5
243 1
243 2
243 3
243 4
243 5
244 1
244 2
244 3
244 4
244 5
245 1
245 2
245 3
245 4
245 5
246 1
246 2
246 3
246 4
246 5
247 1
247 2
247 3
247 4
247 5
248 1
248 2
248 3
248 4
248 5
249 1
249 2
249 3
249 4
249 5
250 1
250 2
250 3
250 4
250 5
251 1
251 2
251 3
251 4
251 5
252 1
252 2
252 3
252 4
252 5
253 1
253 2
253 3
253 4
253 5
254 1
254 2
254 3
254 4
254 5
255 1
255 2
255 3
255 4
255 5
256 1
256 2
256 3
256 4
256 5
257 1
257 2
257 3
257 4
257 5
258 1
258 2
258 3
258 4
258 5
259 1
259 2
259 3
259 4
259 5
260 1
260 2
260 3
260 4
260 5
261 1
261 2
261 3
261 4
261 5
262 1
262 2
262 3
262 4
262 5
263 1
263 2
263 3
263 4
263 5
264 1
264 2
264 3
264 4
264 5
265 1
265 2
265 3
265 4
265 5
266 1
266 2
266 3
266 4
266 5
267 1
267 2
267 3
267 4
267 5
268 1
268 2
268 3
268 4
268 5
269 1
269 2
269 3
269 4
269 5
270 1
270 2
270 3
270 4
270 5
271 1
271 2
271 3
271 4
271 5
272 1
272 2
272 3
272 4
272 5
273 1
273 2
273 3
273 4
273 5
274 1
274 2
274 3
274 4
274 5
275 1
275 2
275 3
275 4
275 5
276 1
276 2
276 3
276 4
276 5
277 1
277 2
277 3
277 4
277 5
278 1
278 2
278 3
278 4
278 5
279 1
279 2
279 3
279 4
279 5
280 1
280 2
280 3
280 4
280 5
281 1
281 2
281 3
281 4
281 5
282 1
282 2
282 3
282 4
282 5
283 1
283 2
283 3
283 4
283 5
284 1
284 2
284 3
284 4
284 5
285 1
285 2
285 3
285 4
285 5
286 1
286 2
286 3
286 4
286 5
287 1
287 2
287 3
287 4
287 5
288 1
288 2
288 3
288 4
288 5
289 1
289 2
289 3
289 4
289 5
290 1
290 2
290 3
290 4
290 5
291 1
291 2
291 3
291 4
291 5
292 1
292 2
292 3
292 4
292 5
293 1
293 2
293 3
293 4
293 5
294 1
294 2
294 3
294 4
294 5
295 1
295 2
295 3
295 4
295 5
296 1
296 2
296 3
296 4
296 5
297 1
297 2
297 3
297 4
297 5
298 1
298 2
298 3
298 4
298 5
299 1
299 2
299 3
299 4
299 5
300 1
300 2
300 3
300 4
300 5
301 1
301 2
301 3
301 4
301 5
302 1
302 2
302 3
302 4
302 5
303 1
303 2
303 3
303 4
303 5
304 1
304 2
304 3
304 4
304 5
305 1
305 2
305 3
305 4
305 5
306 1
306 2
306 3
306 4
306 5
307 1
307 2
307 3
307 4
307 5
308 1
308 2
308 3
308 4
308 5
309 1
309 2
309 3
309 4
309 5
310 1
310 2
310 3
310 4
310 5
311 1
311 2
311 3
311 4
311 5
312 1
312 2
312 3
312 4
312 5
313 1
313 2
313 3
313 4
313 5
314 1
314 2
314 3
314 4
314 5
315 1
315 2
315 3
315 4
315 5
316 1
316 2
316 3
316 4
316 5
317 1
317 2
317 3
317 4
317 5
318 1
318 2
318 3
318 4
318 5
319 1
319 2
319 3
319 4
319 5
320 1
320 2
320 3
320 4
320 5
321 1
321 2
321 3
321 4
321 5
322 1
322 2
322 3
322 4
322 5
323 1
323 2
323 3
323 4
323 5
324 1
324 2
324 3
324 4
324 5
325 1
325 2
325 3
325 4
325 5
326 1
326 2
326 3
326 4
326 5
327 1
327 2
327 3
327 4
327 5
328 1
328 2
328 3
328 4
328 5
329 1
329 2
329 3
329 4
329 5
330 1
330 2
330 3
330 4
330 5
331 1
331 2
331 3
331 4
331 5
332 1
332 2
332 3
332 4
332 5
333 1
333 2
333 3
333 4
333 5
334 1
334 2
334 3
334 4
334 5
335 1
335 2
335 3
335 4
335 5
336 1
336 2
336 3
336 4
336 5
337 1
337 2
337 3
337 4
337 5
338 1
338 2
338 3
338 4
338 5
339 1
339 2
339 3
339 4
339 5
340 1
340 2
340 3
340 4
340 5
341 1
341 2
341 3
341 4
341 5
342 1
342 2
342 3
342 4
342 5
343 1
343 2
343 3
343 4
343 5
344 1
344 2
344 3
344 4
344 5
345 1
345 2
345 3
345 4
345 5
346 1
346 2
346 3
346 4
346 5
347 1
347 2
347 3
347 4
347 5
348 1
348 2
348 3
348 4
348 5
349 1
349 2
349 3
349 4
349 5
350 1
350 2
350 3
350 4
350 5
351 1
351 2
351 3
351 4
351 5
352 1
352 2
352 3
352 4
352 5
353 1
353 2
353 3
353 4
353 5
354 1
354 2
354 3
354 4
354 5
355 1
355 2
355 3
355 4
355 5
356 1
356 2
356 3
356 4
356 5
357 1
357 2
357 3
357 4
357 5
358 1
358 2
358 3
358 4
358 5
359 1
359 2
359 3
359 4
359 5
360 1
360 2
360 3
360 4
360 5
361 1
361 2
361 3
361 4
361 5
362 1
362 2
362 3
362 4
362 5
363 1
363 2
363 3
363 4
363 5
364 1
364 2
364 3
364 4
364 5
365 1
365 2
365 3
365 4
365 5
366 1
366 2
366 3
366 4
366 5
367 1
367 2
367 3
367 4
367 5
368 1
368 2
368 3
368 4
368 5
369 1
369 2
369 3
369 4
369 5
370 1
370 2
370 3
370 4
370 5
371 1
371 2
371 3
371 4
371 5
372 1
372 2
372 3
372 4
372 5
373 1
373 2
373 3
373 4
373 5
374 1
374 2
374 3
374 4
374 5
375 1
375 2
375 3
375 4
375 5
376 1
376 2
376 3
376 4
376 5
377 1
377 2
377 3
377 4
377 5
378 1
378 2
378 3
378 4
378 5
379 1
379 2
379 3
379 4
379 5
380 1
380 2
380 3
380 4
380 5
381 1
381 2
381 3
381 4
381 5
382 1
382 2
382 3
382 4
382 5
383 1
383 2
383 3
383 4
383 5
384 1
384 2
384 3
384 4
384 5
385 1
385 2
385 3
385 4
385 5
386 1
386 2
386 3
386 4
386 5
387 1
387 2
387 3
387 4
387 5
388 1
388 2
388 3
388 4
388 5
389 1
389 2
389 3
389 4
389 5
390 1
390 2
390 3
390 4
390 5
391 1
391 2
391 3
391 4
391 5
392 1
392 2
392 3
392 4
392 5
393 1
393 2
393 3
393 4
393 5
394 1
394 2
394 3
394 4
394 5
395 1
395 2
395 3
395 4
395 5
396 1
396 2
396 3
396 4
396 5
397 1
397 2
397 3
397 4
397 5
398 1
398 2
398 3
398 4
398 5
399 1
399 2
399 3
399 4
399 5
400 1
400 2
400 3
400 4
400 5
401 1
401 2
401 3
401 4
401 5
402 1
402 2
402 3
402 4
402 5
403 1
403 2
403 3
403 4
403 5
404 1
404 2
404 3
404 4
404 5
405 1
405 2
405 3
405 4
405 5
406 1
406 2
406 3
406 4
406 5
407 1
407 2
407 3
407 4
407 5
408 1
408 2
408 3
408 4
408 5
409 1
409 2
409 3
409 4
409 5
410 1
410 2
410 3
410 4
410 5
411 1
411 2
411 3
411 4
411 5
412 1
412 2
412 3
412 4
412 5
413 1
413 2
413 3
413 4
413 5
414 1
414 2
414 3
414 4
414 5
415 1
415 2
415 3
415 4
415 5
416 1
416 2
416 3
416 4
416 5
417 1
417 2
417 3
417 4
417 5
418 1
418 2
418 3
418 4
418 5
419 1
419 2
419 3
419 4
419 5
420 1
420 2
420 3
420 4
420 5
421 1
421 2
421 3
421 4
421 5
422 1
422 2
422 3
422 4
422 5
423 1
423 2
423 3
423 4
423 5
424 1
424 2
424 3
424 4
424 5
425 1
425 2
425 3
425 4
425 5
426 1
426 2
426 3
426 4
426 5
427 1
427 2
427 3
427 4
427 5
428 1
428 2
428 3
428 4
428 5
429 1
429 2
429 3
429 4
429 5
430 1
430 2
430 3
430 4
430 5
431 1
431 2
431 3
431 4
431 5
432 1
432 2
432 3
432 4
432 5
433 1
433 2
433 3
433 4
433 5
434 1
434 2
434 3
434 4
434 5
435 1
435 2
435 3
435 4
435 5
436 1
436 2
436 3
436 4
436 5
437 1
437 2
437 3
437 4
437 5
438 1
438 2
438 3
438 4
438 5
439 1
439 2
439 3
439 4
439 5
440 1
440 2
440 3
440 4
440 5
441 1
441 2
441 3
441 4
441 5
442 1
442 2
442 3
442 4
442 5
443 1
443 2
443 3
443 4
443 5
444 1
444 2
444 3
444 4
444 5
445 1
445 2
445 3
445 4
445 5
446 1
446 2
446 3
446 4
446 5
447 1
447 2
447 3
447 4
447 5
448 1
448 2
448 3
448 4
448 5
449 1
449 2
449 3
449 4
449 5
450 1
450 2
450 3
450 4
450 5
451 1
451 2
451 3
451 4
451 5
452 1
452 2
452 3
452 4
452 5
453 1
453 2
453 3
453 4
453 5
454 1
454 2
454 3
454 4
454 5
455 1
455 2
455 3
455 4
455 5
456 1
456 2
456 3
456 4
456 5
457 1
457 2
457 3
457 4
457 5
458 1
458 2
458 3
458 4
458 5
459 1
459 2
459 3
459 4
459 5
460 1
460 2
460 3
460 4
460 5
461 1
461 2
461 3
461 4
461 5
462 1
462 2
462 3
462 4
462 5
463 1
463 2
463 3
463 4
463 5
464 1
464 2
464 3
464 4
464 5
465 1
465 2
465 3
465 4
465 5
466 1
466 2
466 3
466 4
466 5
467 1
467 2
467 3
467 4
467 5
468 1
468 2
468 3
468 4
468 5
469 1
469 2
469 3
469 4
469 5
470 1
470 2
470 3
470 4
470 5
471 1
471 2
471 3
471 4
471 5
472 1
472 2
472 3
472 4
472 5
473 1
473 2
473 3
473 4
473 5
474 1
474 2
474 3
474 4
474 5
475 1
475 2
475 3
475 4
475 5
476 1
476 2
476 3
476 4
476 5
477 1
477 2
477 3
477 4
477 5
478 1
478 2
478 3
478 4
478 5
479 1
479 2
479 3
479 4
479 5
480 1
480 2
480 3
480 4
480 5
481 1
481 2
481 3
481 4
481 5
482 1
482 2
482 3
482 4
482 5
483 1
483 2
483 3
483 4
483 5
484 1
484 2
484 3
484 4
484 5
485 1
485 2
485 3
485 4
485 5
486 1
486 2
486 3
486 4
486 5
487 1
487 2
487 3
487 4
487 5
488 1
488 2
488 3
488 4
488 5
489 1
489 2
489 3
489 4
489 5
490 1
490 2
490 3
490 4
490 5
491 1
491 2
491 3
491 4
491 5
492 1
492 2
492 3
492 4
492 5
493 1
493 2
493 3
493 4
493 5
494 1
494 2
494 3
494 4
494 5
495 1
495 2
495 3
495 4
495 5
496 1
496 2
496 3
496 4
496 5
497 1
497 2
497 3
497 4
497 5
498 1
498 2
498 3
498 4
498 5
499 1
499 2
499 3
499 4
499 5
500 1
500 2
500 3
500 4
500 5
501 1
501 2
501 3
501 4
501 5
502 1
502 2
502 3
502 4
502 5
503 1
503 2
503 3
503 4
503 5
504 1
504 2
504 3
504 4
504 5
505 1
505 2
505 3
505 4
505 5
506 1
506 2
506 3
506 4
506 5
507 1
507 2
507 3
507 4
507 5
508 1
508 2
508 3
508 4
508 5
509 1
509 2
509 3
509 4
509 5
510 1
510 2
510 3
510 4
510 5
511 1
511 2
511 3
511 4
511 5
512 1
512 2
512 3
512 4
512 5
513 1
513 2
513 3
513 4
513 5
514 1
514 2
514 3
514 4
514 5
515 1
515 2
515 3
515 4
515 5
516 1
516 2
516 3
516 4
516 5
517 1
517 2
517 3
517 4
517 5
518 1
518 2
518 3
518 4
518 5
519 1
519 2
519 3
519 4
519 5
520 1
520 2
520 3
520 4
520 5
521 1
521 2
521 3
521 4
521 5
522 1
522 2
522 3
522 4
522 5
523 1
523 2
523 3
523 4
523 5
524 1
524 2
524 3
524 4
524 5
525 1
525 2
525 3
525 4
525 5
526 1
526 2
526 3
526 4
526 5
527 1
527 2
527 3
527 4
527 5
528 1
528 2
528 3
528 4
528 5
529 1
529 2
529 3
529 4
529 5
530 1
530 2
530 3
530 4
530 5
531 1
531 2
531 3
531 4
531 5
532 1
532 2
532 3
532 4
532 5
533 1
533 2
533 3
533 4
533 5
534 1
534 2
534 3
534 4
534 5
535 1
535 2
535 3
535 4
535 5
536 1
536 2
536 3
536 4
536 5
537 1
537 2
537 3
537 4
537 5
538 1
538 2
538 3
538 4
538 5
539 1
539 2
539 3
539 4
539 5
540 1
540 2
540 3
540 4
540 5
541 1
541 2
541 3
541 4
541 5
542 1
542 2
542 3
542 4
542 5
543 1
543 2
543 3
543 4
543 5
544 1
544 2
544 3
544 4
544 5
545 1
545 2
545 3
545 4
545 5
546 1
546 2
546 3
546 4
546 5
547 1
547 2
547 3
547 4
547 5
548 1
548 2
548 3
548 4
548 5
549 1
549 2
549 3
549 4
549 5
550 1
550 2
550 3
550 4
550 5
551 1
551 2
551 3
551 4
551 5
552 1
552 2
552 3
552 4
552 5
553 1
553 2
553 3
553 4
553 5
554 1
554 2
554 3
554 4
554 5
555 1
555 2
555 3
555 4
555 5
556 1
556 2
556 3
556 4
556 5
557 1
557 2
557 3
557 4
557 5
558 1
558 2
558 3
558 4
558 5
559 1
559 2
559 3
559 4
559 5
560 1
560 2
560 3
560 4
560 5
561 1
561 2
561 3
561 4
561 5
562 1
562 2
562 3
562 4
562 5
563 1
563 2
563 3
563 4
563 5
564 1
564 2
564 3
564 4
564 5
565 1
565 2
565 3
565 4
565 5
566 1
566 2
566 3
566 4
566 5
567 1
567 2
567 3
567 4
567 5
568 1
568 2
568 3
568 4
568 5
569 1
569 2
569 3
569 4
569 5
570 1
570 2
570 3
570 4
570 5
571 1
571 2
571 3
571 4
571 5
572 1
572 2
572 3
572 4
572 5
573 1
573 2
573 3
573 4
573 5
574 1
574 2
574 3
574 4
574 5
575 1
575 2
575 3
575 4
575 5
576 1
576 2
576 3
576 4
576 5
577 1
577 2
577 3
577 4
577 5
578 1
578 2
578 3
578 4
578 5
579 1
579 2
579 3
579 4
579 5
580 1
580 2
580 3
580 4
580 5
581 1
581 2
581 3
581 4
581 5
582 1
582 2
582 3
582 4
582 5
583 1
583 2
583 3
583 4
583 5
584 1
584 2
584 3
584 4
584 5
585 1
585 2
585 3
585 4
585 5
586 1
586 2
586 3
586 4
586 5
587 1
587 2
587 3
587 4
587 5
588 1
588 2
588 3
588 4
588 5
589 1
589 2
589 3
589 4
589 5
590 1
590 2
590 3
590 4
590 5
591 1
591 2
591 3
591 4
591 5
592 1
592 2
592 3
592 4
592 5
593 1
593 2
593 3
593 4
593 5
1 0
2 1
3 2
4 3
5 4
