10
10
5681
1 7
2 8
3 10
4 10
5 7
6 4
7 10
8 7
9 7
10 7
11 8
12 8
13 10
14 6
15 8
16 5
17 7
18 1
19 8
20 10
21 1
22 4
23 10
24 1
25 4
26 8
27 6
28 3
29 9
30 10
31 8
32 7
33 4
34 10
35 9
36 9
37 7
38 3
39 7
40 8
41 7
42 7
43 9
44 9
45 2
46 8
47 9
48 2
49 10
50 7
51 9
52 8
53 8
54 8
55 7
56 7
57 8
58 6
59 9
60 6
61 8
62 8
63 8
64 10
65 6
66 6
67 8
68 10
69 9
70 10
71 8
72 1
73 2
74 6
75 9
76 2
77 7
78 2
79 8
80 8
81 6
82 8
83 8
84 8
85 7
86 6
87 9
88 1
89 9
90 9
91 8
92 6
93 9
94 7
95 6
96 6
97 2
98 8
99 7
100 9
101 9
102 7
103 8
104 10
105 6
106 9
107 8
108 6
109 7
110 7
111 5
112 10
113 7
114 7
115 9
116 8
117 7
118 6
119 6
120 8
121 9
122 6
123 7
124 4
125 6
126 8
127 8
128 8
129 7
130 1
131 6
132 8
133 8
134 6
135 8
136 6
137 7
138 10
139 6
140 5
141 5
142 7
143 7
144 8
145 10
146 10
147 10
148 6
149 6
150 9
151 6
152 10
153 10
154 7
155 7
156 8
157 8
158 5
159 6
160 7
161 7
162 8
163 7
164 4
165 10
166 8
167 10
168 6
169 10
170 2
171 6
172 9
173 6
174 9
175 8
176 8
177 6
178 4
179 3
180 8
181 10
182 6
183 3
184 4
185 8
186 3
187 8
188 5
189 8
190 2
191 7
192 8
193 2
194 10
195 7
196 7
197 8
198 9
199 9
200 2
201 5
202 6
203 7
204 1
205 10
206 9
207 6
208 1
209 10
210 10
211 10
212 7
213 1
214 6
215 8
216 9
217 1
218 1
219 6
220 6
221 6
222 6
223 10
224 6
225 6
226 7
227 9
228 7
229 5
230 3
231 9
232 8
233 8
234 9
235 7
236 7
237 7
238 4
239 4
240 7
241 7
242 2
243 8
244 10
245 9
246 4
247 8
248 7
249 8
250 8
251 8
252 3
253 7
254 7
255 10
256 7
257 7
258 2
259 6
260 7
261 2
262 9
263 7
264 7
265 7
266 7
267 10
268 10
269 8
270 7
271 9
272 8
273 1
274 10
275 6
276 6
277 4
278 10
279 9
280 2
281 2
282 8
283 8
284 7
285 7
286 7
287 9
288 6
289 2
290 8
291 10
292 10
293 7
294 7
295 10
296 9
297 8
298 7
299 1
300 7
301 5
302 5
303 10
304 10
305 9
306 7
307 3
308 2
309 3
310 8
311 5
312 7
313 8
314 6
315 4
316 10
317 7
318 7
319 9
320 4
321 7
322 9
323 7
324 6
325 5
326 6
327 10
328 2
329 6
330 7
331 10
332 7
333 8
334 10
335 7
336 7
337 6
338 10
339 10
340 3
341 10
342 7
343 9
344 10
345 9
346 1
347 6
348 1
349 2
350 8
351 9
352 10
353 8
354 6
355 9
356 9
357 1
358 2
359 10
360 7
361 6
362 7
363 8
364 1
365 8
366 7
367 7
368 7
369 7
370 6
371 7
372 7
373 7
374 8
375 5
376 2
377 8
378 8
379 6
380 8
381 7
382 9
383 7
384 3
385 9
386 6
387 3
388 5
389 8
390 8
391 7
392 6
393 5
394 8
395 6
396 9
397 6
398 5
399 3
400 7
401 8
402 8
403 6
404 9
405 6
406 10
407 8
408 7
409 10
410 6
411 2
412 8
413 6
414 10
415 8
416 2
417 8
418 7
419 1
420 5
421 7
422 7
423 7
424 7
425 9
426 6
427 10
428 9
429 6
430 7
431 7
432 8
433 1
434 8
435 6
436 5
437 10
438 8
439 7
440 7
441 9
442 9
443 6
444 8
445 3
446 7
447 8
448 6
449 10
450 6
451 6
452 7
453 6
454 9
455 7
456 7
457 6
458 8
459 10
460 8
461 9
462 7
463 9
464 5
465 5
466 5
467 8
468 3
469 10
470 4
471 6
472 6
473 10
474 10
475 9
476 6
477 10
478 6
479 4
480 5
481 7
482 8
483 7
484 9
485 7
486 4
487 7
488 2
489 3
490 3
491 8
492 1
493 10
494 10
495 8
496 5
497 10
498 6
499 7
500 10
501 9
502 7
503 10
504 10
505 9
506 9
507 10
508 7
509 1
510 10
511 6
512 10
513 1
514 1
515 4
516 9
517 9
518 1
519 9
520 1
521 7
522 3
523 8
524 9
525 8
526 10
527 9
528 6
529 10
530 4
531 1
532 8
533 10
534 1
535 9
536 9
537 9
538 6
539 10
540 8
541 2
542 6
543 9
544 10
545 6
546 5
547 1
548 5
549 6
550 9
551 7
552 6
553 10
554 6
555 5
556 8
557 3
558 10
559 7
560 6
561 7
562 8
563 5
564 7
565 10
566 10
567 8
568 8
569 8
570 4
571 9
572 6
573 6
574 8
575 1
576 6
577 6
578 7
579 2
580 8
581 8
582 8
583 7
584 6
585 7
586 10
587 1
588 8
589 10
590 8
591 6
592 6
593 10
594 2
595 9
596 9
597 10
598 5
599 10
600 9
601 3
602 7
603 5
604 7
605 10
606 4
607 10
608 7
609 9
610 3
611 10
612 8
613 7
614 8
615 5
616 6
617 2
618 2
619 10
620 4
621 7
622 9
623 10
624 10
625 7
626 4
627 3
628 2
629 8
630 8
631 6
632 6
633 2
634 6
635 6
636 2
637 9
638 7
639 8
640 5
641 6
642 8
643 5
644 8
645 3
646 3
647 2
648 8
649 7
650 7
651 9
652 10
653 2
654 8
655 8
656 8
657 8
658 6
659 9
660 5
661 9
662 9
663 8
664 9
665 6
666 2
667 7
668 6
669 8
670 2
671 6
672 7
673 10
674 6
675 10
676 9
677 9
678 7
679 5
680 6
681 7
682 7
683 10
684 10
685 5
686 8
687 8
688 6
689 7
690 7
691 10
692 3
693 6
694 7
695 4
696 10
697 9
698 5
699 7
700 1
701 9
702 8
703 7
704 5
705 6
706 7
707 7
708 10
709 8
710 6
711 7
712 2
713 6
714 10
715 8
716 1
717 7
718 9
719 7
720 7
721 10
722 2
723 10
724 6
725 9
726 6
727 10
728 6
729 2
730 10
731 10
732 9
733 6
734 5
735 5
736 6
737 7
738 8
739 8
740 8
741 10
742 7
743 9
744 4
745 9
746 2
747 7
748 7
749 9
750 3
751 6
752 1
753 8
754 7
755 6
756 8
757 1
758 7
759 8
760 7
761 6
762 1
763 7
764 9
765 8
766 8
767 9
768 9
769 6
770 7
771 10
772 6
773 7
774 7
775 10
776 6
777 2
778 7
779 9
780 8
781 4
782 4
783 5
784 9
785 1
786 7
787 7
788 6
789 7
790 7
791 9
792 7
793 10
794 6
795 7
796 7
797 2
798 2
799 9
800 5
801 7
802 7
803 7
804 8
805 10
806 6
807 6
808 7
809 5
810 2
811 10
812 9
813 7
814 9
815 10
816 10
817 7
818 9
819 2
820 10
821 6
822 6
823 9
824 2
825 10
826 7
827 6
828 10
829 8
830 8
831 2
832 8
833 3
834 9
835 5
836 7
837 8
838 4
839 2
840 9
841 2
842 7
843 3
844 6
845 6
846 6
847 10
848 6
849 7
850 8
851 6
852 7
853 6
854 6
855 5
856 6
857 9
858 1
859 5
860 6
861 10
862 4
863 6
864 9
865 5
866 8
867 7
868 8
869 6
870 2
871 8
872 9
873 8
874 6
875 3
876 3
877 6
878 7
879 7
880 6
881 4
882 8
883 7
884 7
885 7
886 7
887 7
888 5
889 1
890 2
891 8
892 7
893 9
894 3
895 9
896 4
897 6
898 7
899 8
900 8
901 7
902 9
903 8
904 6
905 10
906 7
907 10
908 9
909 5
910 10
911 10
912 8
913 8
914 7
915 7
916 4
917 9
918 1
919 10
920 6
921 7
922 9
923 2
924 6
925 10
926 7
927 6
928 10
929 10
930 8
931 1
932 8
933 10
934 8
935 9
936 9
937 9
938 4
939 8
940 10
941 9
942 8
943 8
944 1
945 5
946 6
947 7
948 7
949 7
950 7
951 4
952 10
953 7
954 7
955 2
956 5
957 4
958 5
959 6
960 9
961 6
962 9
963 2
964 2
965 6
966 1
967 8
968 7
969 7
970 7
971 6
972 5
973 6
974 1
975 7
976 8
977 10
978 7
979 6
980 9
981 4
982 8
983 10
984 9
985 10
986 9
987 8
988 9
989 9
990 10
991 9
992 5
993 10
994 6
995 10
996 7
997 6
998 8
999 6
1000 3
1001 10
1002 10
1003 3
1004 10
1005 6
1006 6
1007 10
1008 10
1009 7
1010 10
1011 10
1012 7
1013 4
1014 9
1015 7
1016 10
1017 8
1018 8
1019 6
1020 9
1021 4
1022 8
1023 10
1024 5
1025 9
1026 9
1027 10
1028 7
1029 6
1030 8
1031 6
1032 7
1033 7
1034 9
1035 5
1036 10
1037 10
1038 8
1039 8
1040 8
1041 7
1042 2
1043 8
1044 9
1045 3
1046 7
1047 10
1048 3
1049 2
1050 9
1051 8
1052 4
1053 6
1054 3
1055 7
1056 6
1057 3
1058 10
1059 6
1060 7
1061 8
1062 5
1063 9
1064 8
1065 10
1066 5
1067 6
1068 8
1069 6
1070 8
1071 2
1072 6
1073 7
1074 6
1075 10
1076 2
1077 8
1078 6
1079 7
1080 6
1081 8
1082 9
1083 7
1084 6
1085 8
1086 7
1087 10
1088 5
1089 7
1090 7
1091 8
1092 9
1093 5
1094 7
1095 7
1096 4
1097 8
1098 3
1099 10
1100 3
1101 8
1102 4
1103 9
1104 7
1105 3
1106 8
1107 8
1108 1
1109 1
1110 8
1111 1
1112 8
1113 9
1114 8
1115 7
1116 6
1117 1
1118 7
1119 10
1120 5
1121 9
1122 6
1123 7
1124 10
1125 7
1126 5
1127 10
1128 10
1129 10
1130 9
1131 9
1132 8
1133 9
1134 6
1135 7
1136 10
1137 6
1138 3
1139 6
1140 5
1141 1
1142 7
1143 2
1144 8
1145 6
1146 6
1147 10
1148 2
1149 7
1150 10
1151 7
1152 7
1153 8
1154 1
1155 2
1156 7
1157 1
1158 10
1159 1
1160 1
1161 8
1162 9
1163 7
1164 6
1165 8
1166 10
1167 7
1168 6
1169 8
1170 8
1171 4
1172 7
1173 10
1174 7
1175 7
1176 9
1177 6
1178 6
1179 2
1180 10
1181 7
1182 7
1183 6
1184 8
1185 10
1186 7
1187 4
1188 5
1189 6
1190 7
1191 10
1192 6
1193 7
1194 10
1195 7
1196 6
1197 2
1198 9
1199 7
1200 7
1201 7
1202 5
1203 10
1204 10
1205 9
1206 8
1207 6
1208 8
1209 6
1210 6
1211 7
1212 7
1213 4
1214 8
1215 9
1216 6
1217 1
1218 7
1219 7
1220 9
1221 6
1222 7
1223 9
1224 6
1225 9
1226 1
1227 1
1228 6
1229 10
1230 7
1231 6
1232 8
1233 2
1234 10
1235 1
1236 7
1237 10
1238 10
1239 7
1240 8
1241 5
1242 6
1243 7
1244 7
1245 6
1246 10
1247 8
1248 8
1249 7
1250 6
1251 10
1252 1
1253 5
1254 10
1255 8
1256 7
1257 8
1258 8
1259 6
1260 9
1261 9
1262 7
1263 6
1264 7
1265 7
1266 6
1267 1
1268 1
1269 10
1270 1
1271 10
1272 9
1273 5
1274 5
1275 7
1276 7
1277 8
1278 5
1279 9
1280 3
1281 7
1282 9
1283 3
1284 6
1285 8
1286 5
1287 7
1288 10
1289 4
1290 8
1291 9
1292 6
1293 6
1294 6
1295 10
1296 10
1297 10
1298 3
1299 6
1300 10
1301 7
1302 10
1303 3
1304 8
1305 10
1306 7
1307 6
1308 9
1309 7
1310 7
1311 2
1312 7
1313 5
1314 9
1315 7
1316 7
1317 9
1318 7
1319 10
1320 1
1321 3
1322 7
1323 7
1324 6
1325 7
1326 10
1327 6
1328 2
1329 8
1330 8
1331 6
1332 8
1333 10
1334 6
1335 6
1336 6
1337 7
1338 10
1339 3
1340 6
1341 8
1342 7
1343 6
1344 6
1345 5
1346 10
1347 6
1348 9
1349 8
1350 6
1351 1
1352 9
1353 4
1354 10
1355 7
1356 7
1357 10
1358 10
1359 9
1360 5
1361 7
1362 6
1363 6
1364 7
1365 7
1366 1
1367 7
1368 8
1369 8
1370 9
1371 9
1372 1
1373 9
1374 9
1375 9
1376 9
1377 8
1378 5
1379 9
1380 7
1381 7
1382 5
1383 8
1384 6
1385 7
1386 10
1387 5
1388 5
1389 5
1390 10
1391 1
1392 10
1393 6
1394 10
1395 8
1396 5
1397 1
1398 10
1399 4
1400 6
1401 10
1402 4
1403 1
1404 10
1405 10
1406 5
1407 6
1408 7
1409 7
1410 9
1411 2
1412 8
1413 8
1414 8
1415 10
1416 10
1417 6
1418 6
1419 9
1420 10
1421 2
1422 5
1423 5
1424 5
1425 3
1426 8
1427 6
1428 10
1429 9
1430 8
1431 9
1432 5
1433 8
1434 9
1435 10
1436 10
1437 9
1438 4
1439 1
1440 8
1441 8
1442 2
1443 7
1444 10
1445 7
1446 6
1447 5
1448 6
1449 6
1450 7
1451 8
1452 9
1453 9
1454 8
1455 8
1456 7
1457 1
1458 9
1459 8
1460 5
1461 8
1462 7
1463 10
1464 8
1465 7
1466 1
1467 6
1468 4
1469 3
1470 9
1471 9
1472 9
1473 10
1474 10
1475 8
1476 7
1477 6
1478 7
1479 9
1480 1
1481 8
1482 8
1483 10
1484 6
1485 9
1486 3
1487 4
1488 3
1489 7
1490 8
1491 10
1492 3
1493 8
1494 10
1495 9
1496 5
1497 8
1498 9
1499 9
1500 4
1501 3
1502 9
1503 8
1504 5
1505 5
1506 9
1507 8
1508 3
1509 9
1510 8
1511 10
1512 8
1513 7
1514 9
1515 3
1516 8
1517 1
1518 6
1519 1
1520 6
1521 8
1522 10
1523 5
1524 10
1525 7
1526 10
1527 6
1528 10
1529 10
1530 9
1531 1
1532 6
1533 4
1534 10
1535 4
1536 10
1537 8
1538 3
1539 9
1540 6
1541 2
1542 6
1543 7
1544 8
1545 6
1546 8
1547 9
1548 8
1549 5
1550 1
1551 10
1552 8
1553 6
1554 3
1555 8
1556 2
1557 9
1558 7
1559 2
1560 6
1561 2
1562 4
1563 9
1564 9
1565 6
1566 6
1567 5
1568 4
1569 8
1570 8
1571 7
1572 10
1573 6
1574 6
1575 6
1576 5
1577 5
1578 5
1579 5
1580 9
1581 6
1582 9
1583 7
1584 10
1585 7
1586 7
1587 7
1588 7
1589 10
1590 6
1591 8
1592 5
1593 1
1594 10
1595 2
1596 6
1597 6
1598 10
1599 5
1600 6
1601 7
1602 6
1603 6
1604 1
1605 8
1606 10
1607 9
1608 6
1609 2
1610 10
1611 5
1612 8
1613 9
1614 10
1615 9
1616 1
1617 10
1618 3
1619 8
1620 8
1621 10
1622 8
1623 6
1624 9
1625 6
1626 1
1627 9
1628 6
1629 6
1630 10
1631 10
1632 10
1633 7
1634 9
1635 1
1636 8
1637 8
1638 1
1639 10
1640 6
1641 1
1642 9
1643 6
1644 9
1645 9
1646 2
1647 6
1648 6
1649 8
1650 3
1651 3
1652 6
1653 7
1654 7
1655 8
1656 9
1657 5
1658 5
1659 5
1660 8
1661 5
1662 2
1663 9
1664 8
1665 4
1666 6
1667 9
1668 7
1669 8
1670 6
1671 8
1672 5
1673 7
1674 10
1675 10
1676 6
1677 7
1678 5
1679 7
1680 7
1681 8
1682 7
1683 5
1684 4
1685 8
1686 6
1687 6
1688 7
1689 8
1690 8
1691 10
1692 4
1693 7
1694 10
1695 8
1696 2
1697 2
1698 8
1699 1
1700 1
1701 8
1702 6
1703 7
1704 8
1705 7
1706 4
1707 6
1708 6
1709 8
1710 10
1711 10
1712 9
1713 6
1714 9
1715 5
1716 6
1717 6
1718 9
1719 10
1720 8
1721 9
1722 8
1723 4
1724 7
1725 5
1726 5
1727 9
1728 1
1729 1
1730 9
1731 7
1732 6
1733 7
1734 10
1735 2
1736 7
1737 8
1738 10
1739 10
1740 9
1741 5
1742 4
1743 6
1744 9
1745 3
1746 10
1747 7
1748 4
1749 7
1750 9
1751 6
1752 7
1753 7
1754 6
1755 9
1756 7
1757 7
1758 6
1759 9
1760 6
1761 8
1762 8
1763 7
1764 6
1765 7
1766 7
1767 8
1768 7
1769 7
1770 8
1771 9
1772 9
1773 1
1774 8
1775 5
1776 8
1777 1
1778 10
1779 8
1780 8
1781 8
1782 2
1783 2
1784 6
1785 6
1786 6
1787 9
1788 4
1789 4
1790 10
1791 8
1792 9
1793 10
1794 10
1795 7
1796 7
1797 6
1798 9
1799 4
1800 6
1801 9
1802 8
1803 7
1804 6
1805 9
1806 1
1807 5
1808 7
1809 9
1810 7
1811 7
1812 1
1813 9
1814 9
1815 5
1816 7
1817 5
1818 8
1819 8
1820 5
1821 5
1822 5
1823 3
1824 10
1825 2
1826 6
1827 7
1828 2
1829 7
1830 9
1831 6
1832 1
1833 7
1834 6
1835 5
1836 8
1837 8
1838 2
1839 10
1840 6
1841 6
1842 6
1843 7
1844 1
1845 5
1846 8
1847 6
1848 6
1849 10
1850 7
1851 6
1852 1
1853 5
1854 6
1855 6
1856 8
1857 10
1858 6
1859 7
1860 6
1861 3
1862 3
1863 5
1864 8
1865 10
1866 7
1867 10
1868 5
1869 6
1870 10
1871 5
1872 9
1873 10
1874 7
1875 1
1876 10
1877 9
1878 8
1879 3
1880 9
1881 2
1882 10
1883 7
1884 10
1885 7
1886 6
1887 4
1888 5
1889 6
1890 10
1891 6
1892 9
1893 6
1894 5
1895 10
1896 1
1897 9
1898 9
1899 8
1900 6
1901 2
1902 8
1903 8
1904 5
1905 5
1906 10
1907 4
1908 9
1909 3
1910 4
1911 6
1912 8
1913 1
1914 10
1915 6
1916 5
1917 10
1918 7
1919 7
1920 10
1921 6
1922 7
1923 7
1924 8
1925 10
1926 10
1927 4
1928 7
1929 7
1930 7
1931 10
1932 9
1933 8
1934 5
1935 8
1936 9
1937 8
1938 2
1939 8
1940 7
1941 7
1942 9
1943 9
1944 6
1945 8
1946 2
1947 7
1948 8
1949 10
1950 8
1951 7
1952 2
1953 8
1954 6
1955 1
1956 6
1957 10
1958 9
1959 7
1960 1
1961 6
1962 7
1963 8
1964 8
1965 10
1966 8
1967 1
1968 6
1969 10
1970 6
1971 9
1972 2
1973 1
1974 8
1975 8
1976 10
1977 9
1978 7
1979 9
1980 8
1981 5
1982 9
1983 9
1984 10
1985 3
1986 8
1987 10
1988 1
1989 9
1990 1
1991 5
1992 7
1993 1
1994 1
1995 10
1996 5
1997 6
1998 2
1999 6
2000 8
2001 8
2002 10
2003 7
2004 7
2005 4
2006 7
2007 7
2008 10
2009 10
2010 6
2011 9
2012 4
2013 6
2014 8
2015 1
2016 7
2017 3
2018 5
2019 5
2020 7
2021 6
2022 6
2023 1
2024 7
2025 2
2026 5
2027 10
2028 6
2029 3
2030 7
2031 7
2032 10
2033 9
2034 8
2035 7
2036 10
2037 8
2038 9
2039 10
2040 9
2041 7
2042 4
2043 9
2044 9
2045 6
2046 10
2047 10
2048 5
2049 9
2050 3
2051 1
2052 1
2053 3
2054 6
2055 6
2056 8
2057 8
2058 2
2059 9
2060 4
2061 8
2062 3
2063 10
2064 7
2065 10
2066 5
2067 1
2068 10
2069 9
2070 10
2071 2
2072 9
2073 9
2074 7
2075 10
2076 5
2077 8
2078 6
2079 6
2080 9
2081 8
2082 4
2083 7
2084 8
2085 6
2086 7
2087 6
2088 7
2089 10
2090 6
2091 9
2092 10
2093 8
2094 8
2095 3
2096 9
2097 9
2098 6
2099 4
2100 6
2101 10
2102 2
2103 7
2104 2
2105 9
2106 8
2107 5
2108 10
2109 10
2110 3
2111 4
2112 9
2113 9
2114 6
2115 9
2116 6
2117 7
2118 10
2119 1
2120 6
2121 10
2122 10
2123 6
2124 8
2125 8
2126 9
2127 7
2128 9
2129 6
2130 6
2131 10
2132 10
2133 9
2134 9
2135 2
2136 6
2137 6
2138 10
2139 3
2140 4
2141 1
2142 2
2143 4
2144 10
2145 3
2146 9
2147 8
2148 1
2149 5
2150 8
2151 4
2152 6
2153 5
2154 7
2155 1
2156 6
2157 7
2158 7
2159 10
2160 2
2161 3
2162 10
2163 2
2164 8
2165 7
2166 10
2167 7
2168 10
2169 6
2170 6
2171 8
2172 8
2173 6
2174 5
2175 5
2176 7
2177 1
2178 7
2179 5
2180 6
2181 10
2182 2
2183 3
2184 7
2185 2
2186 4
2187 4
2188 2
2189 4
2190 2
2191 10
2192 7
2193 7
2194 4
2195 9
2196 7
2197 10
2198 7
2199 2
2200 5
2201 5
2202 9
2203 8
2204 6
2205 6
2206 6
2207 10
2208 7
2209 5
2210 7
2211 7
2212 7
2213 6
2214 7
2215 5
2216 10
2217 4
2218 7
2219 6
2220 10
2221 9
2222 10
2223 8
2224 7
2225 9
2226 1
2227 8
2228 9
2229 6
2230 1
2231 10
2232 10
2233 10
2234 10
2235 3
2236 10
2237 7
2238 9
2239 7
2240 5
2241 5
2242 4
2243 7
2244 3
2245 6
2246 8
2247 1
2248 1
2249 1
2250 7
2251 6
2252 8
2253 1
2254 8
2255 8
2256 1
2257 8
2258 10
2259 7
2260 10
2261 9
2262 6
2263 7
2264 6
2265 6
2266 6
2267 10
2268 9
2269 6
2270 6
2271 4
2272 9
2273 9
2274 1
2275 2
2276 8
2277 7
2278 1
2279 10
2280 10
2281 3
2282 10
2283 7
2284 4
2285 7
2286 6
2287 10
2288 8
2289 8
2290 6
2291 7
2292 6
2293 6
2294 5
2295 6
2296 7
2297 2
2298 6
2299 3
2300 8
2301 6
2302 7
2303 7
2304 3
2305 6
2306 4
2307 9
2308 3
2309 10
2310 10
2311 10
2312 6
2313 2
2314 6
2315 1
2316 7
2317 10
2318 5
2319 10
2320 10
2321 7
2322 7
2323 7
2324 9
2325 7
2326 7
2327 7
2328 7
2329 3
2330 7
2331 7
2332 9
2333 9
2334 1
2335 8
2336 8
2337 10
2338 7
2339 6
2340 4
2341 6
2342 6
2343 10
2344 6
2345 10
2346 6
2347 10
2348 10
2349 9
2350 10
2351 4
2352 7
2353 7
2354 6
2355 5
2356 5
2357 5
2358 6
2359 1
2360 5
2361 9
2362 7
2363 1
2364 9
2365 6
2366 8
2367 9
2368 7
2369 4
2370 6
2371 10
2372 10
2373 7
2374 7
2375 10
2376 9
2377 4
2378 3
2379 2
2380 7
2381 9
2382 6
2383 7
2384 5
2385 5
2386 4
2387 1
2388 1
2389 1
2390 7
2391 7
2392 3
2393 10
2394 3
2395 6
2396 8
2397 8
2398 4
2399 6
2400 7
2401 5
2402 9
2403 8
2404 8
2405 10
2406 5
2407 8
2408 5
2409 2
2410 5
2411 10
2412 2
2413 6
2414 1
2415 10
2416 7
2417 10
2418 6
2419 6
2420 4
2421 3
2422 3
2423 1
2424 8
2425 8
2426 8
2427 9
2428 4
2429 9
2430 3
2431 5
2432 3
2433 10
2434 6
2435 6
2436 1
2437 10
2438 1
2439 8
2440 5
2441 10
2442 7
2443 7
2444 9
2445 7
2446 8
2447 7
2448 7
2449 8
2450 5
2451 1
2452 3
2453 3
2454 6
2455 10
2456 3
2457 10
2458 10
2459 4
2460 6
2461 9
2462 6
2463 8
2464 7
2465 7
2466 6
2467 10
2468 9
2469 9
2470 9
2471 9
2472 1
2473 4
2474 8
2475 9
2476 10
2477 3
2478 6
2479 5
2480 2
2481 7
2482 1
2483 3
2484 9
2485 9
2486 7
2487 10
2488 7
2489 7
2490 8
2491 7
2492 3
2493 2
2494 5
2495 9
2496 7
2497 8
2498 9
2499 4
2500 2
2501 6
2502 4
2503 6
2504 8
2505 10
2506 10
2507 2
2508 9
2509 2
2510 6
2511 10
2512 9
2513 3
2514 9
2515 5
2516 1
2517 1
2518 6
2519 6
2520 8
2521 10
2522 7
2523 10
2524 10
2525 4
2526 1
2527 10
2528 10
2529 8
2530 1
2531 6
2532 8
2533 4
2534 4
2535 9
2536 8
2537 7
2538 7
2539 9
2540 1
2541 7
2542 8
2543 10
2544 10
2545 4
2546 10
2547 6
2548 10
2549 1
2550 8
2551 2
2552 9
2553 10
2554 2
2555 9
2556 7
2557 5
2558 5
2559 7
2560 3
2561 6
2562 7
2563 7
2564 9
2565 2
2566 3
2567 2
2568 8
2569 4
2570 9
2571 8
2572 7
2573 7
2574 10
2575 9
2576 4
2577 7
2578 4
2579 3
2580 1
2581 8
2582 2
2583 1
2584 8
2585 9
2586 9
2587 1
2588 10
2589 10
2590 1
2591 4
2592 4
2593 7
2594 6
2595 8
2596 10
2597 7
2598 4
2599 7
2600 5
2601 2
2602 7
2603 6
2604 4
2605 10
2606 9
2607 10
2608 10
2609 5
2610 7
2611 5
2612 10
2613 6
2614 8
2615 3
2616 7
2617 1
2618 5
2619 2
2620 7
2621 4
2622 6
2623 10
2624 10
2625 10
2626 10
2627 9
2628 6
2629 9
2630 6
2631 10
2632 10
2633 3
2634 8
2635 9
2636 1
2637 10
2638 4
2639 1
2640 10
2641 9
2642 1
2643 7
2644 7
2645 2
2646 9
2647 4
2648 1
2649 1
2650 9
2651 8
2652 10
2653 7
2654 10
2655 1
2656 10
2657 8
2658 6
2659 10
2660 7
2661 4
2662 8
2663 1
2664 6
2665 3
2666 2
2667 9
2668 4
2669 10
2670 4
2671 10
2672 10
2673 7
2674 1
2675 3
2676 4
2677 5
2678 5
2679 9
2680 2
2681 5
2682 1
2683 2
2684 7
2685 9
2686 9
2687 6
2688 7
2689 7
2690 7
2691 4
2692 8
2693 4
2694 9
2695 9
2696 6
2697 8
2698 3
2699 3
2700 4
2701 6
2702 7
2703 3
2704 7
2705 1
2706 2
2707 9
2708 2
2709 2
2710 6
2711 2
2712 8
2713 5
2714 9
2715 7
2716 7
2717 7
2718 7
2719 10
2720 10
2721 7
2722 7
2723 6
2724 1
2725 4
2726 10
2727 9
2728 8
2729 5
2730 4
2731 10
2732 7
2733 2
2734 8
2735 6
2736 6
2737 6
2738 8
2739 3
2740 8
2741 6
2742 7
2743 7
2744 10
2745 9
2746 9
2747 7
2748 7
2749 1
2750 10
2751 3
2752 1
2753 7
2754 6
2755 6
2756 7
2757 10
2758 1
2759 10
2760 10
2761 3
2762 7
2763 1
2764 9
2765 9
2766 9
2767 4
2768 2
2769 10
2770 4
2771 6
2772 6
2773 2
2774 1
2775 8
2776 5
2777 5
2778 1
2779 7
2780 2
2781 7
2782 9
2783 7
2784 7
2785 6
2786 8
2787 7
2788 9
2789 7
2790 7
2791 5
2792 2
2793 1
2794 10
2795 7
2796 1
2797 3
2798 2
2799 2
2800 10
2801 1
2802 4
2803 8
2804 8
2805 6
2806 9
2807 2
2808 10
2809 6
2810 7
2811 7
2812 7
2813 1
2814 7
2815 8
2816 8
2817 4
2818 9
2819 10
2820 7
2821 7
2822 7
2823 9
2824 10
2825 8
2826 7
2827 7
2828 1
2829 10
2830 4
2831 9
2832 6
2833 4
2834 9
2835 9
2836 9
2837 8
2838 7
2839 8
2840 9
2841 6
2842 4
2843 1
2844 7
2845 10
2846 10
2847 7
2848 4
2849 4
2850 3
2851 1
2852 8
2853 6
2854 6
2855 9
2856 9
2857 7
2858 8
2859 1
2860 6
2861 6
2862 7
2863 1
2864 7
2865 8
2866 2
2867 10
2868 8
2869 6
2870 6
2871 2
2872 7
2873 6
2874 2
2875 8
2876 10
2877 8
2878 6
2879 8
2880 10
2881 10
2882 7
2883 8
2884 5
2885 7
2886 2
2887 6
2888 6
2889 4
2890 2
2891 6
2892 9
2893 6
2894 8
2895 7
2896 8
2897 5
2898 1
2899 7
2900 7
2901 8
2902 1
2903 10
2904 2
2905 9
2906 6
2907 4
2908 9
2909 10
2910 3
2911 8
2912 7
2913 3
2914 3
2915 3
2916 9
2917 1
2918 8
2919 10
2920 7
2921 6
2922 1
2923 5
2924 4
2925 4
2926 6
2927 1
2928 1
2929 6
2930 1
2931 2
2932 1
2933 9
2934 10
2935 10
2936 1
2937 4
2938 2
2939 5
2940 1
2941 9
2942 7
2943 4
2944 9
2945 10
2946 3
2947 1
2948 1
2949 1
2950 10
2951 8
2952 8
2953 7
2954 5
2955 7
2956 2
2957 6
2958 1
2959 7
2960 10
2961 7
2962 2
2963 1
2964 1
2965 5
2966 7
2967 9
2968 1
2969 10
2970 6
2971 2
2972 10
2973 9
2974 10
2975 5
2976 7
2977 10
2978 1
2979 2
2980 4
2981 9
2982 2
2983 9
2984 2
2985 6
2986 2
2987 1
2988 9
2989 4
2990 7
2991 3
2992 9
2993 1
2994 4
2995 9
2996 9
2997 2
2998 10
2999 7
3000 6
3001 6
3002 3
3003 5
3004 10
3005 9
3006 4
3007 8
3008 7
3009 1
3010 9
3011 6
3012 3
3013 1
3014 2
3015 10
3016 3
3017 7
3018 9
3019 9
3020 2
3021 8
3022 10
3023 1
3024 10
3025 4
3026 5
3027 5
3028 2
3029 6
3030 6
3031 1
3032 8
3033 10
3034 10
3035 9
3036 4
3037 8
3038 7
3039 7
3040 10
3041 7
3042 7
3043 3
3044 6
3045 10
3046 1
3047 1
3048 1
3049 8
3050 9
3051 4
3052 8
3053 8
3054 1
3055 1
3056 7
3057 6
3058 10
3059 6
3060 7
3061 10
3062 7
3063 8
3064 9
3065 9
3066 2
3067 1
3068 1
3069 1
3070 2
3071 2
3072 6
3073 1
3074 7
3075 10
3076 6
3077 4
3078 10
3079 8
3080 2
3081 2
3082 2
3083 9
3084 1
3085 10
3086 7
3087 7
3088 6
3089 7
3090 2
3091 10
3092 4
3093 1
3094 2
3095 1
3096 7
3097 6
3098 7
3099 8
3100 1
3101 7
3102 2
3103 7
3104 5
3105 3
3106 10
3107 6
3108 2
3109 4
3110 4
3111 9
3112 4
3113 6
3114 8
3115 1
3116 9
3117 9
3118 4
3119 5
3120 7
3121 7
3122 1
3123 10
3124 9
3125 4
3126 1
3127 6
3128 1
3129 4
3130 3
3131 7
3132 6
3133 9
3134 4
3135 10
3136 6
3137 3
3138 3
3139 7
3140 9
3141 7
3142 7
3143 7
3144 9
3145 10
3146 10
3147 2
3148 1
3149 9
3150 1
3151 1
3152 10
3153 5
3154 2
3155 2
3156 9
3157 1
3158 5
3159 10
3160 6
3161 9
3162 2
3163 4
3164 4
3165 1
3166 1
3167 4
3168 9
3169 7
3170 6
3171 5
3172 5
3173 10
3174 6
3175 1
3176 6
3177 6
3178 10
3179 4
3180 4
3181 2
3182 4
3183 9
3184 10
3185 10
3186 9
3187 4
3188 1
3189 2
3190 6
3191 10
3192 4
3193 8
3194 4
3195 2
3196 7
3197 6
3198 6
3199 1
3200 1
3201 8
3202 4
3203 6
3204 1
3205 2
3206 1
3207 7
3208 10
3209 7
3210 1
3211 3
3212 3
3213 8
3214 5
3215 7
3216 10
3217 5
3218 10
3219 1
3220 2
3221 3
3222 2
3223 1
3224 2
3225 2
3226 1
3227 5
3228 9
3229 4
3230 2
3231 7
3232 6
3233 8
3234 6
3235 4
3236 3
3237 1
3238 7
3239 5
3240 9
3241 1
3242 1
3243 9
3244 8
3245 9
3246 2
3247 2
3248 9
3249 1
3250 10
3251 8
3252 1
3253 9
3254 10
3255 9
3256 6
3257 1
3258 9
3259 5
3260 2
3261 1
3262 4
3263 6
3264 7
3265 2
3266 10
3267 7
3268 1
3269 9
3270 1
3271 5
3272 2
3273 2
3274 4
3275 2
3276 2
3277 10
3278 9
3279 6
3280 1
3281 1
3282 3
3283 9
3284 3
3285 4
3286 2
3287 5
3288 7
3289 10
3290 5
3291 2
3292 6
3293 1
3294 2
3295 2
3296 6
3297 10
3298 4
3299 2
3300 3
3301 2
3302 4
3303 1
3304 1
3305 8
3306 2
3307 5
3308 1
3309 1
3310 6
3311 1
3312 2
3313 2
3314 1
3315 9
3316 9
3317 5
3318 5
3319 1
3320 7
3321 2
3322 4
3323 8
3324 2
3325 1
3326 1
3327 1
3328 6
3329 1
3330 9
3331 4
3332 10
3333 1
3334 4
3335 1
3336 6
3337 6
3338 4
3339 1
3340 4
3341 1
3342 6
3343 9
3344 1
3345 2
3346 2
3347 6
3348 1
3349 5
3350 6
3351 8
3352 4
3353 6
3354 10
3355 1
3356 1
3357 4
3358 1
3359 1
3360 2
3361 2
3362 10
3363 2
3364 6
3365 1
3366 1
3367 1
3368 7
3369 6
3370 1
3371 1
3372 5
3373 2
3374 1
3375 1
3376 1
3377 1
3378 4
3379 6
3380 6
3381 2
3382 9
3383 6
3384 4
3385 1
3386 6
3387 1
3388 2
3389 10
3390 4
3391 1
3392 1
3393 3
3394 2
3395 10
3396 2
3397 1
3398 1
3399 9
3400 2
3401 2
3402 5
3403 9
3404 10
3405 9
3406 9
3407 9
3408 1
3409 2
3410 1
3411 1
3412 1
3413 3
3414 3
3415 6
3416 4
3417 5
3418 4
3419 4
3420 9
3421 2
3422 1
3423 1
3424 2
3425 5
3426 1
3427 1
3428 2
3429 5
3430 6
3431 9
3432 4
3433 4
3434 1
3435 1
3436 1
3437 1
3438 1
3439 1
3440 1
3441 4
3442 1
3443 1
3444 2
3445 2
3446 1
3447 1
3448 1
3449 1
3450 1
3451 1
3452 5
3453 1
3454 1
3455 5
3456 1
3457 1
3458 1
3459 1
3460 1
3461 3
3462 3
3463 3
3464 3
3465 3
3466 3
3467 5
3468 5
3469 5
3470 5
3471 5
3472 4
3473 4
3474 2
3475 4
3476 5
3477 5
3478 5
3479 5
3480 4
3481 4
3482 5
3483 5
3484 5
3485 5
3486 5
3487 5
3488 5
3489 5
3490 2
3491 10
3492 2
3493 10
3494 10
3495 10
3496 10
3497 10
3498 9
3499 9
3500 6
3501 2
3502 6
3503 9
3504 2
3505 5
3506 9
3507 9
3508 2
3509 10
3510 2
3511 9
3512 9
3513 2
3514 9
3515 2
3516 5
3517 2
3518 10
3519 9
3520 5
3521 5
3522 5
3523 5
3524 5
3525 5
3526 5
3527 5
3528 3
3529 3
3530 3
3531 2
3532 3
3533 3
3534 3
3535 3
3536 3
3537 2
3538 3
3539 3
3540 2
3541 3
3542 3
3543 3
3544 2
3545 3
3546 3
3547 3
3548 3
3549 3
3550 3
3551 3
3552 3
3553 3
3554 3
3555 3
3556 3
3557 3
3558 3
3559 3
3560 3
3561 3
3562 3
3563 3
3564 5
3565 5
3566 3
3567 3
3568 5
3569 3
3570 5
3571 3
3572 5
3573 3
3574 5
3575 5
3576 5
3577 5
3578 5
3579 5
3580 5
3581 3
3582 5
3583 5
3584 5
3585 5
3586 5
3587 5
3588 5
3589 5
3590 5
3591 3
3592 3
3593 3
3594 3
3595 5
3596 5
3597 5
3598 5
3599 3
3600 3
3601 5
3602 5
3603 3
3604 3
3605 5
3606 5
3607 5
3608 5
3609 5
3610 5
3611 5
3612 5
3613 5
3614 5
3615 5
3616 5
3617 3
3618 3
3619 5
3620 5
3621 5
3622 5
3623 5
3624 5
3625 5
3626 5
3627 5
3628 5
3629 5
3630 5
3631 6
3632 5
3633 5
3634 4
3635 4
3636 4
3637 4
3638 4
3639 4
3640 4
3641 4
3642 4
3643 3
3644 3
3645 5
3646 5
3647 4
3648 4
3649 3
3650 3
3651 7
3652 7
3653 2
3654 4
3655 3
3656 3
3657 4
3658 4
3659 4
3660 4
3661 3
3662 3
3663 3
3664 3
3665 4
3666 5
3667 4
3668 2
3669 3
3670 3
3671 7
3672 4
3673 2
3674 5
3675 3
3676 4
3677 5
3678 2
3679 2
3680 2
3681 3
3682 3
3683 3
3684 3
3685 3
3686 3
3687 4
3688 4
3689 4
3690 4
3691 4
3692 4
3693 4
3694 4
3695 4
3696 3
3697 4
3698 4
3699 6
3700 6
3701 4
3702 2
3703 10
3704 2
3705 2
3706 2
3707 4
3708 4
3709 4
3710 4
3711 4
3712 4
3713 4
3714 4
3715 4
3716 4
3717 4
3718 4
3719 4
3720 5
3721 7
3722 4
3723 4
3724 4
3725 4
3726 7
3727 7
3728 4
3729 5
3730 4
3731 4
3732 3
3733 3
3734 2
3735 2
3736 3
3737 3
3738 4
3739 3
3740 3
3741 3
3742 5
3743 4
3744 3
3745 5
3746 5
3747 3
3748 2
3749 4
3750 2
3751 2
3752 2
3753 3
3754 2
3755 2
3756 2
3757 2
3758 3
3759 3
3760 3
3761 3
3762 4
3763 4
3764 4
3765 4
3766 4
3767 4
3768 4
3769 4
3770 4
3771 2
3772 2
3773 4
3774 4
3775 4
3776 4
3777 4
3778 5
3779 4
3780 4
3781 4
3782 4
3783 5
3784 4
3785 5
3786 5
3787 4
3788 4
3789 4
3790 5
3791 5
3792 5
3793 5
3794 10
3795 10
3796 5
3797 2
3798 3
3799 3
3800 10
3801 1
3802 3
3803 3
3804 3
3805 5
3806 3
3807 3
3808 3
3809 3
3810 2
3811 5
3812 5
3813 5
3814 3
3815 2
3816 2
3817 2
3818 3
3819 3
3820 3
3821 3
3822 4
3823 5
3824 5
3825 4
3826 4
3827 5
3828 5
3829 5
3830 5
3831 2
3832 2
3833 1
3834 5
3835 4
3836 5
3837 1
3838 1
3839 5
3840 5
3841 5
3842 5
3843 5
3844 2
3845 5
3846 5
3847 4
3848 5
3849 5
3850 5
3851 5
3852 4
3853 4
3854 4
3855 5
3856 5
3857 5
3858 5
3859 5
3860 5
3861 10
3862 10
3863 1
3864 5
3865 1
3866 5
3867 5
3868 5
3869 3
3870 3
3871 1
3872 3
3873 3
3874 5
3875 4
3876 3
3877 3
3878 5
3879 2
3880 2
3881 3
3882 3
3883 3
3884 1
3885 2
3886 2
3887 3
3888 2
3889 2
3890 3
3891 3
3892 3
3893 3
3894 5
3895 5
3896 5
3897 5
3898 5
3899 5
3900 5
3901 5
3902 5
3903 5
3904 5
3905 1
3906 1
3907 5
3908 2
3909 5
3910 5
3911 5
3912 5
3913 5
3914 5
3915 5
3916 5
3917 5
3918 4
3919 4
3920 4
3921 4
3922 4
3923 4
3924 4
3925 4
3926 4
3927 4
3928 4
3929 4
3930 4
3931 4
3932 4
3933 4
3934 4
3935 4
3936 4
3937 4
3938 4
3939 4
3940 4
3941 4
3942 4
3943 4
3944 4
3945 4
3946 4
3947 4
3948 4
3949 4
3950 4
3951 4
3952 4
3953 4
3954 2
3955 2
3956 4
3957 2
3958 2
3959 4
3960 4
3961 4
3962 4
3963 4
3964 2
3965 2
3966 2
3967 2
3968 2
3969 2
3970 2
3971 3
3972 3
3973 3
3974 3
3975 3
3976 2
3977 2
3978 2
3979 2
3980 2
3981 2
3982 3
3983 3
3984 2
3985 2
3986 2
3987 2
3988 2
3989 2
3990 5
3991 5
3992 3
3993 3
3994 5
3995 5
3996 5
3997 2
3998 2
3999 2
4000 3
4001 3
4002 4
4003 4
4004 4
4005 4
4006 4
4007 4
4008 4
4009 4
4010 4
4011 4
4012 4
4013 4
4014 4
4015 4
4016 4
4017 4
4018 4
4019 4
4020 4
4021 4
4022 4
4023 4
4024 4
4025 2
4026 3
4027 2
4028 2
4029 4
4030 4
4031 4
4032 4
4033 4
4034 4
4035 4
4036 4
4037 4
4038 2
4039 1
4040 2
4041 2
4042 2
4043 2
4044 3
4045 2
4046 2
4047 1
4048 2
4049 2
4050 2
4051 2
4052 3
4053 2
4054 1
4055 1
4056 1
4057 1
4058 1
4059 1
4060 1
4061 1
4062 1
4063 1
4064 1
4065 1
4066 1
4067 1
4068 2
4069 2
4070 2
4071 2
4072 2
4073 2
4074 2
4075 2
4076 2
4077 2
4078 2
4079 2
4080 3
4081 3
4082 3
4083 3
4084 3
4085 5
4086 5
4087 5
4088 2
4089 2
4090 2
4091 2
4092 2
4093 2
4094 3
4095 3
4096 5
4097 5
4098 5
4099 5
4100 5
4101 5
4102 3
4103 3
4104 3
4105 3
4106 5
4107 3
4108 3
4109 5
4110 5
4111 3
4112 5
4113 5
4114 5
4115 5
4116 3
4117 3
4118 3
4119 3
4120 3
4121 3
4122 3
4123 5
4124 5
4125 5
4126 5
4127 5
4128 5
4129 5
4130 5
4131 5
4132 5
4133 5
4134 5
4135 2
4136 2
4137 3
4138 3
4139 2
4140 2
4141 2
4142 2
4143 2
4144 2
4145 5
4146 5
4147 5
4148 5
4149 5
4150 5
4151 5
4152 5
4153 5
4154 5
4155 3
4156 3
4157 5
4158 5
4159 3
4160 3
4161 3
4162 3
4163 5
4164 5
4165 3
4166 5
4167 5
4168 5
4169 5
4170 3
4171 3
4172 3
4173 3
4174 3
4175 3
4176 3
4177 3
4178 5
4179 5
4180 5
4181 5
4182 5
4183 5
4184 5
4185 5
4186 5
4187 5
4188 5
4189 5
4190 5
4191 2
4192 2
4193 2
4194 2
4195 2
4196 2
4197 2
4198 2
4199 2
4200 2
4201 2
4202 2
4203 2
4204 2
4205 5
4206 5
4207 5
4208 5
4209 5
4210 5
4211 5
4212 5
4213 5
4214 5
4215 5
4216 3
4217 5
4218 3
4219 2
4220 2
4221 3
4222 3
4223 3
4224 3
4225 3
4226 3
4227 3
4228 3
4229 5
4230 5
4231 5
4232 5
4233 5
4234 5
4235 5
4236 5
4237 5
4238 3
4239 3
4240 3
4241 1
4242 1
4243 1
4244 1
4245 2
4246 2
4247 2
4248 2
4249 2
4250 2
4251 2
4252 2
4253 2
4254 2
4255 1
4256 2
4257 2
4258 2
4259 2
4260 2
4261 2
4262 2
4263 2
4264 2
4265 2
4266 2
4267 2
4268 2
4269 2
4270 3
4271 3
4272 3
4273 3
4274 3
4275 3
4276 3
4277 3
4278 3
4279 3
4280 3
4281 3
4282 3
4283 3
4284 3
4285 3
4286 3
4287 3
4288 3
4289 3
4290 3
4291 3
4292 3
4293 3
4294 3
4295 3
4296 3
4297 3
4298 3
4299 3
4300 3
4301 3
4302 3
4303 3
4304 3
4305 3
4306 3
4307 3
4308 3
4309 3
4310 3
4311 3
4312 3
4313 3
4314 3
4315 3
4316 3
4317 3
4318 3
4319 3
4320 3
4321 3
4322 3
4323 3
4324 3
4325 3
4326 3
4327 3
4328 3
4329 3
4330 3
4331 3
4332 3
4333 3
4334 3
4335 3
4336 3
4337 3
4338 3
4339 3
4340 3
4341 3
4342 3
4343 3
4344 3
4345 3
4346 3
4347 3
4348 3
4349 3
4350 3
4351 3
4352 3
4353 3
4354 3
4355 3
4356 3
4357 3
4358 3
4359 3
4360 3
4361 3
4362 3
4363 3
4364 3
4365 3
4366 3
4367 3
4368 3
4369 3
4370 3
4371 3
4372 3
4373 3
4374 3
4375 3
4376 3
4377 3
4378 3
4379 4
4380 4
4381 4
4382 4
4383 4
4384 4
4385 3
4386 3
4387 4
4388 4
4389 3
4390 3
4391 4
4392 2
4393 2
4394 2
4395 3
4396 3
4397 2
4398 3
4399 3
4400 4
4401 4
4402 4
4403 4
4404 4
4405 4
4406 4
4407 4
4408 3
4409 3
4410 3
4411 3
4412 3
4413 3
4414 3
4415 3
4416 3
4417 3
4418 3
4419 2
4420 2
4421 3
4422 3
4423 3
4424 3
4425 1
4426 1
4427 1
4428 1
4429 1
4430 2
4431 2
4432 2
4433 2
4434 3
4435 3
4436 2
4437 2
4438 2
4439 1
4440 1
4441 1
4442 2
4443 2
4444 2
4445 2
4446 2
4447 2
4448 2
4449 2
4450 2
4451 2
4452 2
4453 2
4454 2
4455 2
4456 2
4457 3
4458 3
4459 3
4460 3
4461 3
4462 2
4463 2
4464 2
4465 2
4466 5
4467 5
4468 5
4469 5
4470 5
4471 5
4472 5
4473 5
4474 5
4475 5
4476 3
4477 3
4478 3
4479 3
4480 5
4481 3
4482 3
4483 3
4484 3
4485 5
4486 5
4487 5
4488 5
4489 5
4490 5
4491 5
4492 5
4493 5
4494 3
4495 3
4496 5
4497 5
4498 5
4499 5
4500 5
4501 5
4502 5
4503 5
4504 5
4505 5
4506 5
4507 5
4508 5
4509 5
4510 2
4511 2
4512 2
4513 2
4514 2
4515 2
4516 2
4517 2
4518 2
4519 2
4520 2
4521 2
4522 2
4523 2
4524 2
4525 2
4526 2
4527 2
4528 2
4529 2
4530 2
4531 2
4532 3
4533 3
4534 3
4535 3
4536 3
4537 3
4538 3
4539 3
4540 3
4541 3
4542 3
4543 3
4544 3
4545 3
4546 3
4547 3
4548 3
4549 3
4550 3
4551 3
4552 3
4553 2
4554 2
4555 2
4556 2
4557 2
4558 2
4559 2
4560 2
4561 3
4562 3
4563 3
4564 3
4565 2
4566 3
4567 2
4568 3
4569 3
4570 2
4571 3
4572 3
4573 3
4574 2
4575 2
4576 3
4577 3
4578 2
4579 4
4580 4
4581 4
4582 4
4583 2
4584 2
4585 2
4586 4
4587 4
4588 4
4589 4
4590 4
4591 4
4592 4
4593 4
4594 4
4595 4
4596 4
4597 4
4598 4
4599 4
4600 4
4601 4
4602 4
4603 4
4604 4
4605 4
4606 4
4607 4
4608 4
4609 4
4610 4
4611 4
4612 4
4613 4
4614 1
4615 1
4616 1
4617 1
4618 1
4619 1
4620 1
4621 1
4622 1
4623 1
4624 1
4625 1
4626 1
4627 1
4628 1
4629 1
4630 1
4631 1
4632 1
4633 1
4634 1
4635 1
4636 1
4637 1
4638 1
4639 1
4640 1
4641 1
4642 1
4643 1
4644 1
4645 1
4646 1
4647 1
4648 1
4649 1
4650 1
4651 1
4652 1
4653 1
4654 1
4655 1
4656 1
4657 1
4658 1
4659 1
4660 1
4661 1
4662 1
4663 1
4664 1
4665 1
4666 1
4667 1
4668 1
4669 1
4670 1
4671 1
4672 1
4673 1
4674 1
4675 1
4676 1
4677 1
4678 1
4679 1
4680 1
4681 1
4682 1
4683 1
4684 1
4685 1
4686 1
4687 1
4688 1
4689 1
4690 1
4691 1
4692 1
4693 1
4694 1
4695 1
4696 4
4697 4
4698 4
4699 4
4700 4
4701 4
4702 4
4703 4
4704 4
4705 4
4706 1
4707 1
4708 1
4709 1
4710 1
4711 1
4712 1
4713 1
4714 1
4715 1
4716 1
4717 1
4718 1
4719 1
4720 1
4721 1
4722 1
4723 1
4724 1
4725 1
4726 1
4727 1
4728 1
4729 1
4730 1
4731 1
4732 1
4733 1
4734 1
4735 1
4736 1
4737 4
4738 4
4739 4
4740 4
4741 4
4742 4
4743 4
4744 4
4745 4
4746 4
4747 4
4748 4
4749 4
4750 4
4751 4
4752 4
4753 4
4754 4
4755 4
4756 4
4757 4
4758 4
4759 4
4760 4
4761 4
4762 4
4763 4
4764 4
4765 4
4766 4
4767 4
4768 4
4769 4
4770 4
4771 4
4772 4
4773 4
4774 4
4775 4
4776 4
4777 4
4778 4
4779 4
4780 4
4781 4
4782 4
4783 4
4784 4
4785 4
4786 4
4787 4
4788 4
4789 4
4790 4
4791 4
4792 4
4793 4
4794 4
4795 4
4796 4
4797 4
4798 4
4799 4
4800 4
4801 4
4802 4
4803 4
4804 4
4805 4
4806 4
4807 4
4808 4
4809 4
4810 4
4811 4
4812 4
4813 4
4814 4
4815 4
4816 4
4817 4
4818 4
4819 4
4820 4
4821 4
4822 4
4823 4
4824 4
4825 4
4826 4
4827 4
4828 4
4829 4
4830 4
4831 4
4832 4
4833 4
4834 4
4835 4
4836 4
4837 4
4838 4
4839 4
4840 4
4841 4
4842 4
4843 4
4844 4
4845 4
4846 4
4847 4
4848 4
4849 4
4850 4
4851 4
4852 4
4853 4
4854 4
4855 6
4856 6
4857 4
4858 4
4859 6
4860 6
4861 4
4862 4
4863 4
4864 4
4865 4
4866 4
4867 4
4868 6
4869 4
4870 4
4871 4
4872 4
4873 4
4874 4
4875 4
4876 4
4877 4
4878 4
4879 4
4880 4
4881 4
4882 4
4883 1
4884 1
4885 1
4886 1
4887 1
4888 1
4889 1
4890 1
4891 1
4892 4
4893 4
4894 4
4895 4
4896 4
4897 4
4898 4
4899 4
4900 4
4901 4
4902 4
4903 4
4904 4
4905 4
4906 4
4907 4
4908 4
4909 1
4910 1
4911 1
4912 1
4913 1
4914 1
4915 1
4916 1
4917 1
4918 1
4919 1
4920 1
4921 1
4922 1
4923 1
4924 1
4925 1
4926 1
4927 1
4928 1
4929 1
4930 1
4931 1
4932 1
4933 1
4934 1
4935 1
4936 1
4937 1
4938 1
4939 1
4940 1
4941 1
4942 1
4943 1
4944 1
4945 1
4946 1
4947 1
4948 1
4949 1
4950 1
4951 1
4952 1
4953 1
4954 1
4955 1
4956 1
4957 1
4958 1
4959 1
4960 1
4961 1
4962 1
4963 1
4964 1
4965 1
4966 1
4967 1
4968 1
4969 1
4970 1
4971 1
4972 1
4973 1
4974 1
4975 1
4976 1
4977 1
4978 1
4979 1
4980 1
4981 1
4982 1
4983 1
4984 1
4985 1
4986 1
4987 1
4988 1
4989 1
4990 1
4991 1
4992 1
4993 1
4994 1
4995 1
4996 1
4997 1
4998 4
4999 2
5000 2
5001 1
5002 1
5003 4
5004 4
5005 1
5006 1
5007 4
5008 4
5009 4
5010 4
5011 4
5012 4
5013 2
5014 10
5015 2
5016 10
5017 9
5018 9
5019 9
5020 9
5021 2
5022 2
5023 9
5024 10
5025 2
5026 10
5027 10
5028 2
5029 10
5030 9
5031 9
5032 9
5033 9
5034 9
5035 10
5036 2
5037 9
5038 9
5039 9
5040 2
5041 9
5042 9
5043 10
5044 9
5045 2
5046 10
5047 9
5048 10
5049 9
5050 2
5051 9
5052 9
5053 9
5054 10
5055 9
5056 2
5057 9
5058 2
5059 10
5060 10
5061 9
5062 9
5063 2
5064 10
5065 10
5066 9
5067 2
5068 2
5069 9
5070 2
5071 9
5072 9
5073 10
5074 9
5075 2
5076 9
5077 10
5078 9
5079 9
5080 10
5081 9
5082 2
5083 9
5084 2
5085 9
5086 10
5087 10
5088 9
5089 9
5090 2
5091 9
5092 10
5093 9
5094 9
5095 2
5096 2
5097 9
5098 10
5099 2
5100 9
5101 9
5102 10
5103 9
5104 2
5105 9
5106 10
5107 9
5108 1
5109 1
5110 1
5111 1
5112 1
5113 1
5114 1
5115 1
5116 1
5117 1
5118 1
5119 1
5120 1
5121 1
5122 1
5123 1
5124 9
5125 9
5126 9
5127 9
5128 9
5129 9
5130 9
5131 9
5132 9
5133 9
5134 9
5135 9
5136 9
5137 10
5138 9
5139 9
5140 9
5141 10
5142 10
5143 10
5144 9
5145 10
5146 10
5147 9
5148 2
5149 2
5150 9
5151 10
5152 10
5153 2
5154 9
5155 2
5156 2
5157 10
5158 9
5159 9
5160 10
5161 9
5162 9
5163 9
5164 2
5165 10
5166 9
5167 9
5168 10
5169 10
5170 9
5171 9
5172 2
5173 9
5174 9
5175 9
5176 9
5177 9
5178 9
5179 9
5180 2
5181 9
5182 9
5183 10
5184 9
5185 9
5186 9
5187 6
5188 6
5189 6
5190 6
5191 6
5192 6
5193 6
5194 6
5195 6
5196 6
5197 2
5198 2
5199 6
5200 6
5201 10
5202 2
5203 10
5204 6
5205 10
5206 10
5207 2
5208 6
5209 10
5210 6
5211 2
5212 2
5213 6
5214 6
5215 10
5216 2
5217 10
5218 6
5219 2
5220 10
5221 2
5222 6
5223 10
5224 6
5225 6
5226 6
5227 6
5228 6
5229 10
5230 10
5231 6
5232 2
5233 2
5234 6
5235 6
5236 10
5237 6
5238 6
5239 10
5240 6
5241 10
5242 10
5243 6
5244 2
5245 2
5246 6
5247 6
5248 6
5249 6
5250 2
5251 6
5252 10
5253 6
5254 10
5255 2
5256 6
5257 10
5258 2
5259 9
5260 2
5261 2
5262 9
5263 2
5264 9
5265 10
5266 2
5267 10
5268 9
5269 9
5270 2
5271 9
5272 10
5273 2
5274 10
5275 10
5276 10
5277 9
5278 9
5279 9
5280 9
5281 9
5282 10
5283 9
5284 9
5285 2
5286 2
5287 9
5288 9
5289 9
5290 9
5291 9
5292 9
5293 2
5294 10
5295 2
5296 9
5297 9
5298 9
5299 9
5300 9
5301 9
5302 9
5303 9
5304 9
5305 9
5306 9
5307 9
5308 9
5309 9
5310 9
5311 9
5312 9
5313 9
5314 9
5315 9
5316 2
5317 9
5318 9
5319 10
5320 2
5321 2
5322 2
5323 9
5324 9
5325 10
5326 2
5327 2
5328 9
5329 9
5330 9
5331 10
5332 10
5333 9
5334 10
5335 10
5336 9
5337 9
5338 9
5339 9
5340 2
5341 9
5342 10
5343 2
5344 9
5345 9
5346 9
5347 9
5348 9
5349 9
5350 2
5351 2
5352 10
5353 10
5354 9
5355 10
5356 2
5357 9
5358 9
5359 10
5360 10
5361 10
5362 9
5363 9
5364 9
5365 2
5366 2
5367 10
5368 9
5369 9
5370 9
5371 9
5372 10
5373 6
5374 6
5375 2
5376 2
5377 10
5378 2
5379 2
5380 10
5381 6
5382 6
5383 2
5384 2
5385 6
5386 10
5387 6
5388 10
5389 6
5390 6
5391 10
5392 6
5393 6
5394 6
5395 2
5396 2
5397 10
5398 10
5399 6
5400 6
5401 2
5402 10
5403 6
5404 10
5405 6
5406 6
5407 10
5408 10
5409 6
5410 2
5411 2
5412 6
5413 6
5414 6
5415 6
5416 2
5417 6
5418 10
5419 6
5420 6
5421 10
5422 6
5423 6
5424 6
5425 2
5426 10
5427 6
5428 6
5429 2
5430 2
5431 10
5432 10
5433 10
5434 2
5435 10
5436 6
5437 6
5438 2
5439 6
5440 2
5441 10
5442 2
5443 6
5444 6
5445 6
5446 10
5447 6
5448 6
5449 2
5450 2
5451 6
5452 6
5453 10
5454 6
5455 6
5456 10
5457 2
5458 10
5459 10
5460 2
5461 6
5462 10
5463 6
5464 6
5465 10
5466 2
5467 2
5468 2
5469 6
5470 6
5471 10
5472 10
5473 6
5474 6
5475 6
5476 6
5477 2
5478 6
5479 6
5480 10
5481 6
5482 6
5483 6
5484 2
5485 10
5486 2
5487 6
5488 6
5489 10
5490 2
5491 10
5492 10
5493 10
5494 6
5495 6
5496 10
5497 6
5498 6
5499 6
5500 2
5501 2
5502 6
5503 10
5504 2
5505 6
5506 9
5507 2
5508 9
5509 10
5510 9
5511 9
5512 2
5513 9
5514 8
5515 8
5516 8
5517 8
5518 8
5519 8
5520 8
5521 8
5522 8
5523 8
5524 8
5525 8
5526 8
5527 8
5528 8
5529 8
5530 8
5531 8
5532 8
5533 8
5534 8
5535 8
5536 8
5537 8
5538 8
5539 8
5540 8
5541 8
5542 8
5543 8
5544 8
5545 8
5546 8
5547 8
5548 8
5549 8
5550 8
5551 8
5552 8
5553 8
5554 9
5555 9
5556 8
5557 9
5558 8
5559 9
5560 9
5561 8
5562 9
5563 9
5564 9
5565 9
5566 9
5567 8
5568 9
5569 8
5570 8
5571 8
5572 8
5573 8
5574 8
5575 8
5576 8
5577 8
5578 8
5579 8
5580 8
5581 8
5582 8
5583 8
5584 8
5585 8
5586 8
5587 8
5588 8
5589 8
5590 8
5591 8
5592 8
5593 8
5594 8
5595 8
5596 8
5597 8
5598 8
5599 8
5600 8
5601 8
5602 8
5603 8
5604 8
5605 8
5606 8
5607 8
5608 8
5609 8
5610 8
5611 8
5612 8
5613 8
5614 8
5615 8
5616 8
5617 8
5618 9
5619 9
5620 9
5621 9
5622 9
5623 9
5624 9
5625 9
5626 9
5627 9
5628 9
5629 9
5630 9
5631 9
5632 9
5633 9
5634 9
5635 9
5636 9
5637 9
5638 9
5639 9
5640 9
5641 9
5642 8
5643 8
5644 8
5645 8
5646 8
5647 8
5648 8
5649 8
5650 8
5651 8
5652 8
5653 8
5654 8
5655 8
5656 8
5657 8
5658 8
5659 8
5660 8
5661 8
5662 8
5663 8
5664 8
5665 8
5666 8
5667 8
5668 8
5669 8
5670 8
5671 8
5672 8
5673 8
5674 8
5675 8
5676 8
5677 8
5678 8
5679 8
5680 8
5681 8
1 0
2 1
3 2
4 3
5 4
6 5
7 6
8 7
9 8
10 9
